Participant,VideoID,Window_Start,Vel_Mean,Acc_Max,Gaze_Z_Mean,Jerk_Mean,Jerk_Max,Velocity_Transition_Smoothness,Microsaccade_Rate,Fractal_Dim,Pupil_Mean,Pupil_Std,Pupil_CV,Pupil_Vel_Max,Saccade_Rate,Main_Seq_Slope,Fixation_Vel_Mean
Victoria,Victoria_9_puntos_intento_10,0.0,24.166203779048104,2347.007311514206,-0.8017603866666666,8712.968729771033,106806.32110794903,0.98392534770926,8.4,1.154953665093362,41.98616833333333,1.8326024894024036,0.043647766922981585,178.2599999999998,3.2,987.9420446418392,21.995302383506
Victoria,Victoria_9_puntos_intento_10,1.0,22.730877316600598,2347.007311514206,-0.8290598372093023,8631.157491499956,106806.32110794903,0.9856154365959481,6.378737541528239,1.1185956212200354,42.63591528239203,1.6857075917891622,0.03953726759761467,178.2599999999998,2.8,965.219137868388,22.705983878674534
Victoria,Victoria_9_puntos_intento_10,2.0,28.74380167424817,2218.4556212432913,-0.8557706633333332,9021.885368260744,100599.10157573048,0.9852866483532686,8.4,1.1127954476523192,43.85211999999999,1.4961764497990646,0.03411868000450297,107.16000000000008,2.8,1109.6485572877345,41.327055597019196
Victoria,Victoria_9_puntos_intento_10,3.0,31.5346059871633,2218.4556212432913,-0.8591576982456139,8589.454344355378,100599.10157573048,0.9849297684354117,11.368421052631579,1.126148622207943,44.86402280701755,2.237073338406603,0.04986341389913621,300.21000000000015,2.4,1077.9994113550615,41.18950251600177
Victoria,Victoria_9_puntos_intento_10,4.0,34.23317666564866,4736.932526174798,-0.859153088028169,14007.199870691893,181126.159973457,0.9898731311055774,0.0,1.1046312366675948,46.21959154929578,1.6095652955262139,0.03482430808176923,300.21000000000015,2.8,1084.682495430983,42.73468079322178
Victoria,Victoria_9_puntos_intento_10,5.0,26.55793671287397,4736.932526174798,-0.8495124245614035,12087.306685193465,181126.159973457,0.9904576245585381,0.0,1.0898435897638001,45.82370701754387,1.7207755980656287,0.03755208188213188,300.21000000000015,1.6,1104.5163073419683,60.43769857111331
Victoria,Victoria_9_puntos_intento_10,6.0,28.670663717333095,4736.932526174798,-0.85333277,13130.21449235867,181126.159973457,0.9905103948200841,0.0,1.128054497262466,45.45803166666666,1.445397994728057,0.031796317212474785,177.38999999999947,1.6,1134.1585061387693,64.75466278081235
Victoria,Victoria_9_puntos_intento_10,7.0,18.533854262835206,2290.685885479745,-0.8781645433333334,6991.867195406338,99335.19067089375,0.9859646418373809,0.0,1.1294349580314376,46.7721,1.206457334512912,0.025794380293228482,177.38999999999947,1.6,1055.0200805178351,29.80398110134973
Victoria,Victoria_9_puntos_intento_10,8.0,23.82607954716448,2493.173944111938,-0.9062599233333333,10968.710638030467,111346.74334818541,0.9846125307876963,0.0,1.1155471932806496,48.54572833333333,1.413236823288023,0.029111455771848854,177.38999999999947,2.0,1027.235941152377,24.304962476932733
Victoria,Victoria_9_puntos_intento_10,9.0,20.889680192892218,2493.173944111938,-0.9098903466666665,8657.93944965403,111346.74334818541,0.9864619098488593,2.0,1.1162057037246989,49.52862833333334,1.332866927977892,0.026911040600752053,103.10999999999993,1.6,1029.4016263459093,31.212592670572732
Victoria,Victoria_9_puntos_intento_10,10.0,35.733832124936924,4725.267050870277,-0.9107259766666668,15614.471227689206,175582.95045458115,0.9890786738575018,9.6,1.110095928478721,50.32651166666667,0.9120965988848017,0.018123580766455566,103.10999999999993,1.6,1119.0747747754567,33.823031130703335
Victoria,Victoria_9_puntos_intento_10,11.0,25.628666095795204,4725.267050870277,-0.8951004,11398.806115751924,175582.95045458115,0.9903755515726069,0.0,1.0931277199116953,49.99560666666667,0.8974504714034207,0.01795058668628525,83.60999999999976,0.4,1222.7640868375877,0.0
Victoria,Victoria_9_puntos_intento_10,12.0,28.33467089459642,4725.267050870277,-0.88854482,15248.668594069159,175582.95045458115,0.9894170726130961,0.0,1.0730532353530369,50.46368166666667,2.0076308237565046,0.039783677239756905,164.64,1.6,1124.4463739973623,30.00400490900833
Victoria,Victoria_9_puntos_intento_10,13.0,19.601319277404837,2116.9006518854294,-0.9113693400000001,6991.848950317522,86439.0550127489,0.9868190151309867,0.0,1.097925775042113,52.609766666666665,2.5261583466248156,0.048016908393273286,164.64,2.0,787.9482704276038,26.420897796429593
Victoria,Victoria_9_puntos_intento_10,14.0,29.09964674939827,2500.0534259155775,-0.9398452766666666,11157.231877887352,105921.80367665798,0.9857168032124867,4.0,1.0942668347006774,54.67623499999999,1.1282561155495676,0.020635219589453586,164.64,2.0,941.4339328022019,27.849506582722945
Victoria,Victoria_9_puntos_intento_10,15.0,25.775694171230715,2500.0534259155775,-0.9481689833333333,7509.428659253428,105921.80367665798,0.9873178071462998,7.2,1.1152182629547127,54.537118333333325,0.8573552784564995,0.01572058269042206,92.81999999999982,2.0,1091.4974156900148,21.55369964846923
Victoria,Victoria_9_puntos_intento_1,0.0,23.82694258437344,2656.6940416004504,-0.8211137433333333,8500.840022475719,99817.33115925647,0.9845492009271795,0.4,1.1485130284168301,42.34750166666667,2.2642797903889638,0.05346902889837453,179.72999999999956,2.8,1215.0783532014382,26.284263581469435
Victoria,Victoria_9_puntos_intento_1,1.0,27.09940401116711,2004.0387564999223,-0.8507032158273381,7386.175659414291,99817.33115925647,0.9832131338212552,10.791366906474819,1.1380921180249874,43.8543525179856,3.174804729424422,0.07239429035287585,248.07000000000016,2.0,1170.551869064917,35.32683836507149
Victoria,Victoria_9_puntos_intento_1,2.0,23.77637029439764,2250.560634407063,-0.8980393419117646,8891.626725491304,95577.7977082356,0.985471739693385,0.8823529411764706,1.1302801144635852,46.348483455882345,1.4323565369024485,0.0309040648172634,287.37000000000023,2.0,1120.9787444294288,31.22158539285339
Victoria,Victoria_9_puntos_intento_1,3.0,23.60122189428773,2250.560634407063,-0.9135704007092198,8326.13726138816,95577.7977082356,0.9862508896808301,1.276595744680851,1.1262942933739912,46.470980496453905,1.2522095247076457,0.02694605345809734,287.37000000000023,1.6,1047.36628402368,36.23945866946516
Victoria,Victoria_9_puntos_intento_1,4.0,29.669254228046775,4711.049845466372,-0.9083489431438125,13967.468881770283,177833.27696955335,0.9900862016873184,0.802675585284281,1.0862162063626033,45.95421404682274,0.9644809923574129,0.02098786830245216,134.9399999999997,2.0,1116.755469848926,42.45255054309572
Victoria,Victoria_9_puntos_intento_1,5.0,24.38447042308565,4711.049845466372,-0.8709597466666665,12566.160079238589,177833.27696955335,0.9905061435354445,0.0,1.067368292425155,45.90481833333334,0.8464808067309553,0.018439911919143605,134.9399999999997,1.6,1123.5041617708534,41.176845172716504
Victoria,Victoria_9_puntos_intento_1,6.0,19.41770571591559,2211.8788605604072,-0.8522304033333334,11233.732881879896,109377.58934336192,0.9898698179088044,0.0,1.122896155939785,45.77117666666666,1.376823687134833,0.03008058318364184,168.57,2.8,1314.8216764468343,19.037532996708798
Victoria,Victoria_9_puntos_intento_1,7.0,16.28474285491524,2211.8788605604072,-0.8873125900000001,7698.47430117266,109377.58934336192,0.9873349616940424,0.0,1.101745392228815,47.37291833333333,2.3073066688595794,0.048705183257331086,168.57,2.4,1322.4309744370914,22.187992695198872
Victoria,Victoria_9_puntos_intento_1,8.0,18.368573627956156,2175.141947705655,-0.9295549433333334,9795.311858438574,107467.16719543563,0.9842520031154454,0.0,1.1252283510101384,50.478883333333336,2.119521950359457,0.04198828916961892,100.52999999999997,2.8,1171.0824265455913,21.350638570631613
Victoria,Victoria_9_puntos_intento_1,9.0,18.320616347061176,2175.141947705655,-0.9444960466666669,7667.204036778246,107467.16719543563,0.984995294646336,0.0,1.1329299490022147,52.01201333333333,1.499894165651549,0.028837456378376734,100.52999999999997,2.4,1169.7734496526455,24.517053246299618
Victoria,Victoria_9_puntos_intento_1,10.0,32.340646686803645,4697.919763804177,-0.9466879166666664,15258.806666616249,172338.03422607662,0.988875393226995,0.0,1.0898385769488423,52.668973333333334,0.9537444561423267,0.018108278855299375,166.2000000000002,2.8,1225.6191606530783,45.99635443709153
Victoria,Victoria_9_puntos_intento_1,11.0,28.87213701256277,4697.919763804177,-0.9111174893617021,13948.597545293602,172338.03422607662,0.9896701305925627,0.0,1.082605835144524,52.21143794326241,1.1016818407512943,0.02110039263711679,560.2800000000004,2.0,1243.489232814288,42.35272786901295
Victoria,Victoria_9_puntos_intento_1,12.0,30.226019738590875,4697.919763804177,-0.8819749609929077,17470.921683070752,172338.03422607662,0.9884825852559307,0.0,1.0768892309660032,51.847086879432624,1.8448227923522793,0.03558199512042609,560.2800000000004,2.4,1285.4710813087488,30.99491844518416
Victoria,Victoria_9_puntos_intento_1,13.0,17.967819341992417,2253.3406124569337,-0.9091973833333333,7743.103426248116,92249.64358350518,0.9861985555376275,0.0,1.1136405131921265,53.77096,2.724901775917804,0.05067608567743265,184.6499999999996,2.0,1222.1148488712345,10.514350964227686
Victoria,Victoria_9_puntos_intento_1,14.0,29.907564474196917,2389.427305142784,-0.9490756166666667,11995.414261040494,108871.5856988203,0.9833514845803072,1.2,1.1074111117768266,56.340475000000005,1.9398477814530537,0.034430802747989854,184.6499999999996,2.0,1180.6879632122248,34.06634532510112
Victoria,Victoria_9_puntos_intento_1,15.0,29.833375683659725,2389.427305142784,-0.9681185699999999,8793.239055937163,108871.5856988203,0.9851610699668385,10.4,1.1225212723308864,56.58084833333333,1.4228991307059995,0.025148069932131624,130.56000000000012,2.4,1142.3572276276054,37.79838707121136
Victoria,Victoria_9_puntos_intento_2,0.0,18.981319019418564,2238.7658829609336,-0.7996161153846153,8721.045722501975,101523.38712074584,0.985586572172794,0.0,1.1298545893580154,43.49416783216783,1.9814482884331,0.04555664327408149,191.43,2.4,906.3211715651865,24.688120430310956
Victoria,Victoria_9_puntos_intento_2,1.0,15.896344333018881,2238.7658829609336,-0.8312155747508306,7809.589623498011,101523.38712074584,0.9861919377888757,0.0,1.1255087521598777,44.423694352159465,2.186242279252088,0.049213427904512254,221.88000000000045,2.0,968.0179398675313,21.125064333697544
Victoria,Victoria_9_puntos_intento_2,2.0,18.525268469792433,2661.9524267407505,-0.8712581833333334,8676.504782903443,103843.16719015663,0.988138822606386,0.0,1.1044637411473193,45.296708333333335,1.0267451862222465,0.022667103725651436,97.43999999999971,2.0,1252.3956339394902,25.952827687368853
Victoria,Victoria_9_puntos_intento_2,3.0,21.060290796414225,2661.9524267407505,-0.8868287342657343,8506.347743566865,103843.16719015663,0.9875886379672318,0.8391608391608392,1.1224823739743703,44.88405769230769,0.9055158350993393,0.02017455376487782,592.9200000000003,2.0,1274.096817061738,30.854044980121127
Victoria,Victoria_9_puntos_intento_2,4.0,27.23649509747664,4865.309257600954,-0.8930557719298245,14136.30690361276,183693.38060162123,0.9896363777166372,8.842105263157896,1.0983395091311463,45.53746842105264,1.9274267721915315,0.042326173127807294,373.1400000000005,2.4,1225.780344874031,38.47032079294349
Victoria,Victoria_9_puntos_intento_2,5.0,25.503919484014432,4865.309257600954,-0.8725274580419582,13375.216203207267,183693.38060162123,0.9899947761886647,7.132867132867133,1.0805651159531084,46.095152097902094,1.6904939926775295,0.036674008344458164,373.1400000000005,2.0,1220.1448950088957,42.94776478763586
Victoria,Victoria_9_puntos_intento_2,6.0,25.804463338464174,2170.5787456498524,-0.8683113666666666,13001.465089977833,186517.4595477722,0.990663611487889,6.4,1.0926217481767904,46.23455333333333,1.9060492238717819,0.04122564373294364,179.1300000000001,1.6,970.9325203862483,13.340000236679638
Victoria,Victoria_9_puntos_intento_2,7.0,19.168309559527984,2170.5787456498524,-0.8950017133333333,7104.318077448223,99800.94380053726,0.98560928475507,12.4,1.144602418745078,48.000745,1.9862254300913746,0.04137905422283289,179.1300000000001,0.8,3083.659607123813,14.637185708892883
Victoria,Victoria_9_puntos_intento_2,8.0,25.443902426247416,2428.8400132714637,-0.9265543200000002,11164.139687489673,104283.77528913763,0.9841624439321416,6.0,1.1267274273139782,49.85721833333333,0.8632433752022401,0.017314310827186614,179.1300000000001,1.2,1069.5009787707954,29.459988859233484
Victoria,Victoria_9_puntos_intento_2,9.0,20.69250629995834,2428.8400132714637,-0.9363937466666667,8765.115334226075,104283.77528913763,0.9861910934051139,4.4,1.113876707428996,50.355075,0.6729138864235652,0.013363377701722521,52.080000000000126,1.6,1070.9114751039087,23.902313937308083
Victoria,Victoria_9_puntos_intento_2,10.0,29.560761874569664,4524.07755490664,-0.9382782000000002,15731.533027767186,163081.2766113435,0.9890081152774676,0.0,1.0825556892405959,50.9516,0.7388219192290747,0.014500465524715116,116.81999999999974,2.0,1277.5861491266805,20.325251188427217
Victoria,Victoria_9_puntos_intento_2,11.0,23.419639901076316,4524.07755490664,-0.91421879,11332.359760216697,163081.2766113435,0.9906086583696836,0.0,1.088054096918872,51.25485833333334,0.5496577639136516,0.010724012938226862,116.81999999999974,1.2,1295.5171929731835,36.46026744171303
Victoria,Victoria_9_puntos_intento_2,12.0,29.37190841376434,4524.07755490664,-0.8997247466666666,15616.258025064295,163081.2766113435,0.9887595100061131,0.0,1.0850025833504569,52.258945000000004,1.7245013809238698,0.032999161787974664,198.44999999999985,1.6,1238.152973652717,30.987420151647246
Victoria,Victoria_9_puntos_intento_2,13.0,17.725688376266366,2539.293046214994,-0.9216305338078292,8132.082176306547,108611.38308781291,0.9868329241511758,0.0,1.1150634297810231,54.3522153024911,2.487171638746377,0.045760262482482175,198.44999999999985,0.8,1393.8229996803188,31.231345178583847
Victoria,Victoria_9_puntos_intento_2,14.0,24.293271763438742,2539.293046214994,-0.9575804163701066,12750.561471876967,110471.71521262224,0.9822538812985818,0.0,1.1085231914239804,57.55922064056939,2.2896909194207593,0.03977974152427838,198.44999999999985,2.0,911.8657942361618,34.51771104495035
Victoria,Victoria_9_puntos_intento_2,15.0,22.222452186078186,2426.606655493965,-0.97137624,8099.088057921535,110471.71521262224,0.9855867015430176,0.0,1.1332058665838496,58.73624666666665,1.2581553159906593,0.02142042413998295,88.29000000000036,2.0,792.8718235902074,36.82457498324092
Victoria,Victoria_9_puntos_intento_3,0.0,19.985233331767184,2414.4809430426762,-0.8052234733333333,8036.466408337982,104455.60308292563,0.9868399659596191,0.0,1.1241402688743414,41.646495,0.9418648111459521,0.02261570418221154,110.39999999999978,2.0,1016.6153807829629,24.86696208297969
Victoria,Victoria_9_puntos_intento_3,1.0,21.83211634215549,2414.4809430426762,-0.8334793087719298,7905.8003181534295,104455.60308292563,0.9866595586383597,0.0,1.1259656776838678,42.209715789473684,1.5826524742697292,0.03749498059080543,479.24999999999983,2.0,985.5869405773377,27.675293044699345
Victoria,Victoria_9_puntos_intento_3,2.0,24.152128154913385,2591.7084534277965,-0.8679852957746478,8931.326755796861,99533.02416883227,0.9884758275021808,3.380281690140845,1.122750968162772,41.99612852112676,1.612011848328459,0.03838477271821647,479.24999999999983,2.0,1244.685979148078,33.15209638803182
Victoria,Victoria_9_puntos_intento_3,3.0,22.564326495510016,2591.7084534277965,-0.87985886013986,8790.783319289972,99533.02416883227,0.988505045630174,0.8391608391608392,1.1200108617247788,42.57225524475525,1.568093097068504,0.0368336863540178,129.14999999999978,2.4,1266.6609806345841,26.43510745859107
Victoria,Victoria_9_puntos_intento_3,4.0,25.276130855792836,4840.785693706986,-0.879786949832776,13069.340890780844,176557.47339770984,0.9902386007827738,0.0,1.1136683858811833,43.438836120401334,1.4903016792639858,0.03430804810546146,132.92999999999992,2.4,1106.0908710745043,35.106825760810494
Victoria,Victoria_9_puntos_intento_3,5.0,24.24525272235637,4840.785693706986,-0.8552045466666666,12249.02942458861,176557.47339770984,0.9903567650159636,0.0,1.110294836598435,45.743741666666665,1.7730460435167934,0.038760406974071536,132.92999999999992,1.6,1082.932762040289,49.48619898302044
Victoria,Victoria_9_puntos_intento_3,6.0,26.984201788986518,3399.7249015568505,-0.8475948233333334,13823.647650451856,176557.47339770984,0.9901640945236861,0.0,1.1110074940831443,47.80632333333334,2.3346587264071146,0.04883577241714498,159.47999999999965,1.6,963.1000541272934,21.867759879539026
Victoria,Victoria_9_puntos_intento_3,7.0,16.922974402608496,2572.389789097892,-0.8777890233333333,8521.691880472234,111796.76152512174,0.9855608179039699,0.0,1.1245941676539528,50.234653333333334,1.9484287070583024,0.03878654629364024,159.47999999999965,1.2,954.0082868206578,26.670797805186844
Victoria,Victoria_9_puntos_intento_3,8.0,18.739115947837867,2593.241671421195,-0.91191733,10569.302804641786,112708.13910305509,0.9838918954381785,0.0,1.1189018266209956,51.719240000000006,0.455936694143679,0.008815610866356098,73.44000000000108,2.0,1050.6674219479296,26.311940669511348
Victoria,Victoria_9_puntos_intento_3,9.0,16.51498792083334,2593.241671421195,-0.9161962743055556,7855.908877267087,112708.13910305509,0.9858152704695967,0.0,1.1387670481885868,51.95197569444445,0.6654100639670879,0.01280817630268187,114.80999999999952,1.6,1126.9836300279867,36.21252188588245
Victoria,Victoria_9_puntos_intento_3,10.0,31.962245062691565,4597.084102542886,-0.9136712361111111,15044.479733526303,153358.04868549798,0.9892243694680962,4.583333333333334,1.1124908476386477,52.527288194444445,1.0534916334765423,0.020056082651302088,129.62999999999994,3.2,1103.5047378932468,40.65284379995967
Victoria,Victoria_9_puntos_intento_3,11.0,27.092136609351204,4597.084102542886,-0.8965817433333334,11776.97952546312,153358.04868549798,0.9907462386814782,0.4,1.0966779673068976,52.92625833333334,0.8984382082799142,0.01697528290440421,129.62999999999994,2.4,1061.1775944461492,36.15103148685482
Victoria,Victoria_9_puntos_intento_3,12.0,30.0447142269825,4597.084102542886,-0.8872393966666666,15851.838046885996,153358.04868549798,0.9894949290212584,0.0,1.0901142059419235,53.70847666666667,1.5055434758879893,0.02803176647946862,164.61000000000027,3.2,1090.9731139305593,31.992910714488005
Victoria,Victoria_9_puntos_intento_3,13.0,15.276333615374806,2018.4402263160034,-0.9101159866666666,7891.799421946375,89434.04350242428,0.9860789005714695,0.0,1.114733903457353,55.46405333333333,1.875082286769185,0.033807162911447,164.61000000000027,2.4,1024.0451051299306,17.898545900283036
Victoria,Victoria_9_puntos_intento_3,14.0,23.21744828485669,2291.1743430972333,-0.9376558966666668,11085.021255991167,99887.52030421421,0.9858902065042766,0.0,1.1071457331474859,57.528976666666665,1.3297619929103437,0.023114647086723377,164.61000000000027,2.8,1023.7703874556641,31.30828519893824
Victoria,Victoria_9_puntos_intento_3,15.0,22.449448580185646,2291.1743430972333,-0.9479006,7966.3823974765655,99887.52030421421,0.9875455327096774,6.8,1.1274720798602718,57.45870166666666,1.2865671287696399,0.02239116254720409,116.55000000000015,2.4,991.0555452308945,30.088923535683257
Victoria,Victoria_9_puntos_intento_4,0.0,21.997776452795723,1892.9140387080815,-0.8135388166666666,7846.965062941246,91869.45940618198,0.9870842799930533,0.0,1.130648256431795,46.385954999999996,1.6306938340703319,0.03515490484286315,208.9500000000001,2.0,1328.0421321862186,29.883091762755623
Victoria,Victoria_9_puntos_intento_4,1.0,23.459078179164987,1892.9140387080815,-0.8424945548172758,8968.223390053989,91869.45940618198,0.9841646525370095,0.0,1.125973292216474,46.80256312292359,1.6785659936442232,0.03586483050587613,208.9500000000001,2.8,1195.4243283599908,28.06593183468118
Victoria,Victoria_9_puntos_intento_4,2.0,24.351855195156933,2734.4386460132614,-0.8797926699999999,10624.822638660518,115197.60378112458,0.9851527956058639,4.8,1.1285259878304208,47.627898333333334,1.1606293625287483,0.024368687327033674,115.34999999999997,3.6,921.9994362380968,19.931089906166985
Victoria,Victoria_9_puntos_intento_4,3.0,21.997741586095746,2734.4386460132614,-0.89838796,9749.718363872795,115197.60378112458,0.986775066828156,4.8,1.1137249106602205,48.941415000000006,1.9724493445819251,0.04030225412530318,115.34999999999997,2.4,936.1969171323224,18.68019637676782
Victoria,Victoria_9_puntos_intento_4,4.0,24.469073782199228,4878.711077656843,-0.8979762837837837,14950.30128022567,181110.5239676821,0.9902490035408967,0.0,1.0963493298009948,49.70531925675675,1.517081675254398,0.030521515562907723,216.48000000000025,2.0,1163.0624414611593,38.76924747917558
Victoria,Victoria_9_puntos_intento_4,5.0,22.55444339796327,4878.711077656843,-0.8730957064846417,13705.59375994226,181110.5239676821,0.9902056642626343,0.0,1.0804075956832349,49.19332252559727,1.516354463040003,0.030824396182042444,160.31999999999982,1.2,1224.846172962003,62.744186513699255
Victoria,Victoria_9_puntos_intento_4,6.0,27.114276425382464,4551.300752593927,-0.8651536279863481,15281.512600421585,181110.5239676821,0.9899489179630181,0.0,1.108803963340234,49.87561774744027,2.93515741865969,0.0588495451529586,210.84000000000017,1.6,1597.0243682431878,28.207202075745702
Victoria,Victoria_9_puntos_intento_4,7.0,15.754051795774938,2240.417554815536,-0.8939776095890412,8195.775525056311,102550.75606355604,0.9874636368114427,0.0,1.105142972563165,52.69547431506849,2.971036169372059,0.05638123971724985,210.84000000000017,1.6,1447.3183413856464,28.815760989716193
Victoria,Victoria_9_puntos_intento_4,8.0,18.625414551013918,2606.16522394833,-0.9298039645390069,10575.894144765745,108431.52929585417,0.9856457198341682,0.0,1.1071834703155228,55.16960815602837,0.5581421402862057,0.010116840756013556,164.0100000000004,2.8,888.8710881805939,21.478424886694494
Victoria,Victoria_9_puntos_intento_4,9.0,20.543163835825947,2606.16522394833,-0.9387542624113475,8818.440632402644,108431.52929585417,0.9870761537712983,0.0,1.1162529288476346,54.30192907801418,1.211758253898878,0.02231519716653116,164.0100000000004,2.4,878.0303585001716,24.87089442692123
Victoria,Victoria_9_puntos_intento_4,10.0,28.53077409326948,4933.307359221747,-0.9391718266666668,14855.843906674223,173643.65883782896,0.9902362583173336,0.0,1.1028051193005495,53.182715,1.3101616361890873,0.024635102517595937,117.93000000000035,2.4,995.0220695116733,47.44854909925829
Victoria,Victoria_9_puntos_intento_4,11.0,20.82675577518725,4933.307359221747,-0.9105911100000001,11873.99234277429,173643.65883782896,0.9913754057558605,0.0,1.0679257270196911,52.107726666666665,0.7887480905136243,0.015136873952672105,117.93000000000035,1.2,1003.7186287481381,58.4649016530693
Victoria,Victoria_9_puntos_intento_4,12.0,25.227094544676767,4933.307359221747,-0.8933688533333333,16051.400098030872,173643.65883782896,0.9900301910469753,0.0,1.0631751554059439,52.77401333333333,1.6554705408097385,0.031369047685522594,152.19000000000023,1.2,991.0979726420102,58.61625355887019
Victoria,Victoria_9_puntos_intento_4,13.0,19.017136483008652,2157.1374699349294,-0.9186124366666667,7098.178680443345,96470.16317188236,0.9873685978737304,0.0,1.1122569264642506,54.541855000000005,1.7067103263710763,0.031291754311823024,152.19000000000023,0.4,1432.2447240839817,0.0
Victoria,Victoria_9_puntos_intento_4,14.0,30.199224462317456,2437.2056317287092,-0.9528417399999999,11727.300258775202,105009.43337716616,0.9844295205455907,5.6,1.0966578108146223,56.10876833333333,1.03819907315371,0.018503330299213368,152.19000000000023,1.6,1119.0676839294654,21.12821301561873
Victoria,Victoria_9_puntos_intento_4,15.0,23.535935543857565,2437.2056317287092,-0.9659204500000003,8155.128295614004,105009.43337716616,0.9874046981254229,8.4,1.1094513166240534,55.554028333333335,1.3402262999324241,0.024124736587792434,83.0100000000003,1.6,1064.5843181500231,22.85723480058746
Victoria,Victoria_9_puntos_intento_5,0.0,21.288911430781422,2463.4205070618755,-0.8116040033333334,10134.530514002614,130725.34222293318,0.9860163250001817,0.0,1.1520867959791035,43.288775,1.7115110137560707,0.039537062754861296,149.76000000000013,2.0,1164.0569342609433,36.88633328026801
Victoria,Victoria_9_puntos_intento_5,1.0,20.884821886196974,2463.4205070618755,-0.8370988205980066,7567.097248689603,104074.17699300061,0.9869413574093713,0.0,1.1389312135129852,44.08985714285714,1.7377835282012304,0.03941458740885857,149.76000000000013,0.8,2537.185439862494,78.49803974024704
Victoria,Victoria_9_puntos_intento_5,2.0,24.60174047637989,2433.9528509010156,-0.8601335833333333,7783.255491312921,97472.69901478947,0.9853840399359415,0.0,1.1464728910955388,45.24429333333333,0.5374368619868031,0.01187855577779245,72.41999999999962,1.6,824.877262217724,42.31916205164799
Victoria,Victoria_9_puntos_intento_5,3.0,28.02857891726892,2433.9528509010156,-0.8589173733333333,7795.2689462777225,97472.69901478947,0.985089370858966,10.8,1.1462870343032574,45.22159,0.6253026522412966,0.013827524689894729,154.43999999999903,2.0,808.8067234602552,39.08716848546615
Victoria,Victoria_9_puntos_intento_5,4.0,34.97337149702782,4361.5009940545815,-0.8579984020618557,13731.416239495826,174302.7486575412,0.9892908232846475,10.721649484536083,1.1304160577633233,45.38036426116839,0.8493793921740059,0.018716892338848257,115.31999999999982,2.4,1035.5213172416263,41.0542574124536
Victoria,Victoria_9_puntos_intento_5,5.0,26.667951835981572,4361.5009940545815,-0.8571538659793813,12303.58070094979,174302.7486575412,0.9903986465002327,0.0,1.0866360916699083,46.42800859106529,1.8402275564582191,0.039636150942135316,190.61999999999955,1.6,1049.0653135804419,54.23522749126107
Victoria,Victoria_9_puntos_intento_5,6.0,17.945347196835648,2602.754770202652,-0.8662971335740071,11957.492762649963,111442.24317608846,0.9892409934674113,0.0,1.1255166359919369,48.73729963898917,2.9378802819398033,0.060279915048669204,234.75000000000009,2.8,1070.1278522230689,20.004465717326156
Victoria,Victoria_9_puntos_intento_5,7.0,13.747416209757338,2602.754770202652,-0.8881712342657341,7805.910546973747,111442.24317608846,0.9876431584188374,0.0,1.0950339050475046,51.62308566433567,2.0943037810813956,0.04056913208751228,234.75000000000009,2.0,1111.9448737531359,18.99127040704735
Victoria,Victoria_9_puntos_intento_5,8.0,20.063283167056465,2529.4889582079504,-0.9108116573426572,9914.908085424036,113600.64892525857,0.9860019052714475,0.0,1.1265499040742288,51.92322552447552,1.7937804827493682,0.034546784500200545,234.75000000000009,2.8,1422.4871572932686,23.231189939904002
Victoria,Victoria_9_puntos_intento_5,9.0,18.126987094506738,2529.4889582079504,-0.9120362466666666,8537.405078666934,113600.64892525857,0.9873710354186765,0.0,1.1025115183223555,50.91507,0.9846128258186905,0.01933833785986527,86.61000000000001,2.0,1396.5588683041783,29.20749106269937
Victoria,Victoria_9_puntos_intento_5,10.0,30.0004400074615,4813.912720574912,-0.9116400500000001,15645.741895374806,170706.97658411268,0.9897806109478535,0.0,1.08877385110497,51.37363166666667,1.1943549431236467,0.023248403984229005,86.61000000000001,2.4,1107.2904533649983,47.8651356680151
Victoria,Victoria_9_puntos_intento_5,11.0,25.012712778254738,4813.912720574912,-0.9032576466666665,12959.888658968688,170706.97658411268,0.9909616121464901,0.0,1.07213682441629,51.82358333333333,1.013398524629981,0.019554775248012524,81.72000000000011,2.4,1060.855578564773,34.929647499821286
Victoria,Victoria_9_puntos_intento_5,12.0,30.07575431053967,4813.912720574912,-0.9004946433333332,16093.408972666612,170706.97658411268,0.9894554609113151,0.0,1.0774162350767906,51.81513333333333,1.395155794964212,0.026925643247678197,151.94999999999993,2.4,1052.113440900774,34.80735681766783
Victoria,Victoria_9_puntos_intento_5,13.0,22.517137797369916,2016.9028627993728,-0.9197751366666665,7788.754906429956,96370.64289885575,0.9846201179823444,6.8,1.1251736438415436,54.17989166666667,3.0808167159749305,0.056862733039947266,151.94999999999993,2.4,879.9505838404657,20.975137296987466
Victoria,Victoria_9_puntos_intento_5,14.0,29.75419191360652,2107.2090158227684,-0.94267498,11501.381853913299,96370.64289885575,0.9813505812507419,6.8,1.1064119009501137,56.715023333333335,2.22881767449072,0.03929854108304261,151.94999999999993,3.2,876.2569688955984,28.248113619901062
Victoria,Victoria_9_puntos_intento_5,15.0,29.274616152095458,2107.2090158227684,-0.9479275866666668,7720.937159079627,89489.83617441177,0.9850685440201048,13.2,1.1435841416513777,57.164985,1.2828020121105985,0.022440345468657055,102.80999999999977,2.4,847.9630105472287,31.764585825026227
Victoria,Victoria_9_puntos_intento_6,0.0,22.794734020429217,2377.982328042628,-0.8141908333333334,7236.0414300339235,95282.56264031323,0.9873774614852237,0.0,1.1289379831513224,44.14861666666666,0.7252310882669668,0.016427039917074795,79.76999999999975,2.0,884.7506562830279,26.313464251464612
Victoria,Victoria_9_puntos_intento_6,1.0,23.429484907573805,2377.982328042628,-0.8392901129568109,7589.375467804239,95282.56264031323,0.9871230678629948,0.0,1.1363978726644013,44.21195514950166,0.7448258244621859,0.016846706325100876,83.4599999999999,1.2,862.6354504020812,43.238768052367114
Victoria,Victoria_9_puntos_intento_6,2.0,27.93840199047222,2408.6026259464998,-0.861681,8599.9104311984,111303.59119334976,0.985953224065609,12.0,1.141554582044422,45.08878333333333,1.2460663357364068,0.027635838530493506,88.85999999999967,1.6,910.5847482281491,45.0339989188727
Victoria,Victoria_9_puntos_intento_6,3.0,25.60979773530847,2408.6026259464998,-0.86407603,8295.785825575631,111303.59119334976,0.986384689988149,8.4,1.1276709472598687,46.27806833333334,1.6693305233427826,0.03607174161459957,88.85999999999967,1.6,910.5847482281491,45.0339989188727
Victoria,Victoria_9_puntos_intento_6,4.0,32.236038372477765,4881.640807687167,-0.8650140848056538,13889.184605543363,173198.5326736907,0.990280227308058,4.240282685512367,1.0931777726713394,48.492816254416965,1.4878408965260261,0.030681676409967346,88.85999999999967,1.6,1092.5137356384246,77.12683333811422
Victoria,Victoria_9_puntos_intento_6,5.0,27.32079412255701,4881.640807687167,-0.8582523028169016,12158.422635463005,173198.5326736907,0.9907629657411932,0.0,1.0777873544393404,49.555825704225356,1.0226473345456766,0.02063626869319788,68.7299999999999,1.2,1157.8511186953758,68.6114960286319
Victoria,Victoria_9_puntos_intento_6,6.0,25.91093504104178,1924.577771650253,-0.8615276584507042,12078.780600158258,172933.60016142993,0.99090663016731,0.0,1.08808808770745,50.41530633802817,1.8692930932523546,0.03707788822543265,174.66000000000008,2.0,1254.2404012199684,23.80217060999722
Victoria,Victoria_9_puntos_intento_6,7.0,20.941495975852344,1924.577771650253,-0.8837427400000002,7095.720403560147,89079.79142056414,0.9857788663355402,0.0,1.1141671596331941,51.45582833333333,1.9784705872711936,0.0384498831590965,174.66000000000008,2.0,1186.1225807760263,28.233419473493875
Victoria,Victoria_9_puntos_intento_6,8.0,25.067580212010665,2174.512110181945,-0.9108425299999999,10020.143902550535,97474.77292290924,0.9842232450813667,0.0,1.107725083404402,52.71020333333334,0.911849484283941,0.017299297415293742,179.70000000000027,2.4,946.3348230704004,25.193303016671052
Victoria,Victoria_9_puntos_intento_6,9.0,18.35277522596459,2174.512110181945,-0.9149269599999998,7827.924930189374,97474.77292290924,0.9863855270486597,0.0,1.1027127789241191,52.67316666666667,0.8280945832988459,0.015721374576533515,66.54000000000053,2.8,949.3022594218411,19.938841136558484
Victoria,Victoria_9_puntos_intento_6,10.0,29.55055103387971,4653.232281537427,-0.9147193866666665,14995.903712279634,157180.5599481305,0.9903161756619433,0.0,1.0896216693014127,53.324086666666666,0.8039180995737205,0.015076078182062075,73.91999999999996,3.2,1047.9820667563058,34.17664717293166
Victoria,Victoria_9_puntos_intento_6,11.0,19.731203172305865,4653.232281537427,-0.90218584,11361.14992190749,157180.5599481305,0.9917173259488827,0.0,1.0726341710988911,53.43288999999999,0.8399958578667716,0.015720576930552916,73.91999999999996,2.8,1079.2849604291498,30.28754746436605
Victoria,Victoria_9_puntos_intento_6,12.0,24.107662178232957,4653.232281537427,-0.8985306166666666,14121.896424370136,157180.5599481305,0.9902579665923634,0.0,1.071534086330579,54.52439666666667,2.2731243130668317,0.04169004064297147,155.69999999999993,2.4,1094.7544386255693,35.43551737875345
Victoria,Victoria_9_puntos_intento_6,13.0,13.38834612046768,2492.6430322314623,-0.92084456,5775.843624777264,97494.53426079277,0.9889121859792448,0.0,1.1108545003856116,56.835891666666676,2.1639039594593585,0.03807284263525425,155.69999999999993,0.4,1185.388356833942,0.0
Victoria,Victoria_9_puntos_intento_6,14.0,28.325914310390957,2492.6430322314623,-0.9471700666666667,10865.255548455598,97494.53426079277,0.9850082417044796,5.6,1.1050288442997553,59.64352833333333,1.8064432549526397,0.030287330502261085,155.69999999999993,1.2,1042.4238971957911,44.809480279475125
Victoria,Victoria_9_puntos_intento_6,15.0,26.045450143184155,2182.9112120061545,-0.9534538066666668,7615.387879609954,96638.17102786535,0.986240647193646,12.8,1.1446554096472452,59.78542,1.6077675003764278,0.026892300838171377,104.85000000000014,1.2,1002.8312325104378,46.113668980918185
Victoria,Victoria_9_puntos_intento_7,0.0,15.176379797576146,2273.8176407173273,-0.8152638333333333,7525.09794566473,105760.18816819244,0.9862887785427275,0.0,1.104588521964351,45.15729833333334,1.3497677202012288,0.02989035593400156,159.98999999999995,1.6,1004.2828711087111,26.775929910105646
Victoria,Victoria_9_puntos_intento_7,1.0,11.944358905718628,2273.8176407173273,-0.8386848039867109,6820.48150679412,105760.18816819244,0.9869993104119532,0.0,1.0885133538277152,45.588970099667776,1.2408550947695725,0.027218318204091544,159.98999999999995,1.2,978.3354276742767,34.90601639244673
Victoria,Victoria_9_puntos_intento_7,2.0,15.199510229259632,2354.5448769671743,-0.8605517866666665,7389.8434955161265,101299.9139922139,0.9872634776941093,0.0,1.1241868379068296,46.385394999999995,0.44121220685175977,0.00951187775487866,93.06000000000012,1.6,832.1355725082175,32.31141877270699
Victoria,Victoria_9_puntos_intento_7,3.0,21.512180818474846,2354.5448769671743,-0.8558432666666665,7889.026233715817,101299.9139922139,0.9851924658274254,0.0,1.1808145517497344,46.440955,0.45468322541633305,0.009790565792980205,95.64000000000007,1.6,858.0774782643457,39.27121432959959
Victoria,Victoria_9_puntos_intento_7,4.0,36.51538925692656,4404.03110258438,-0.8530603780068728,13197.206697807214,163945.9195728734,0.989098561199283,14.020618556701033,1.1429782181853956,46.67061683848797,0.909536115342131,0.01948840998801759,115.88999999999999,2.8,1194.51771353383,47.4663389678113
Victoria,Victoria_9_puntos_intento_7,5.0,30.59422858611814,4404.03110258438,-0.8504729548611111,11201.444393236761,163945.9195728734,0.9900100114330475,0.0,1.1028119613300926,47.675222222222224,1.3400879885055041,0.028108688875305682,304.02000000000044,2.0,1201.8066179269458,57.19633136726244
Victoria,Victoria_9_puntos_intento_7,6.0,22.87268174423583,2264.362860380171,-0.8620748055555556,11034.234580528797,140183.3301584937,0.991138797355585,0.0,1.1131533886311655,49.75847743055556,2.779310223430808,0.05585601423013189,304.02000000000044,1.2,1554.1790849103534,14.141765450832832
Victoria,Victoria_9_puntos_intento_7,7.0,18.44091289995029,2264.362860380171,-0.8820494166666667,7439.45178785134,106498.0997708139,0.9870986184642051,0.0,1.1316194804745974,51.96558333333333,1.9142686252776078,0.03683723923579436,191.97000000000003,1.2,1477.3408749223497,21.315476416386474
Victoria,Victoria_9_puntos_intento_7,8.0,21.628452287284237,2379.857839939931,-0.9023437366666667,10126.615786539607,96762.93436713336,0.9856198164177973,0.0,1.1275604155679413,53.695045,0.8499213642890733,0.01582867402921579,51.3600000000001,1.6,1123.518212794757,29.75964362462553
Victoria,Victoria_9_puntos_intento_7,9.0,21.302210181266336,2379.857839939931,-0.9025037100000001,8673.237243882111,96762.93436713336,0.9872438869584764,0.0,1.1132087116725742,53.575375,0.6934405287225428,0.012943269715285106,57.83999999999992,1.6,1068.4667963009867,30.57513765577417
Victoria,Victoria_9_puntos_intento_7,10.0,30.916769019308205,5089.106794330349,-0.9021496533333334,15585.852286409465,176925.77165019614,0.9902602749191038,0.0,1.0892352888156567,53.93513166666667,0.961602614647663,0.01782887303567961,106.76999999999992,1.6,1228.2005512770704,30.978874615375787
Victoria,Victoria_9_puntos_intento_7,11.0,32.51014381835435,5089.106794330349,-0.9037632366666668,17107.47545170937,176925.77165019614,0.9891719150902956,0.0,1.0821605034939756,54.43991,1.6866477334938674,0.030981824427958597,170.01000000000005,2.0,1209.810133185771,32.805388411643854
Victoria,Victoria_9_puntos_intento_7,12.0,38.37893205220224,5089.106794330349,-0.9082442033333332,21209.220312067253,176925.77165019614,0.988062566745483,0.0,1.076829281449982,55.03077166666667,2.0733084085660183,0.03767543768283856,170.01000000000005,2.4,1212.322393541864,30.766419562980303
Victoria,Victoria_9_puntos_intento_7,13.0,28.517760072669226,2168.834617170927,-0.9270896333333334,12370.99899632315,99735.07769147173,0.9821909111449388,6.0,1.1180053085353183,57.20856833333334,2.5182021277419113,0.04401791901292253,170.01000000000005,1.6,1093.1768303054207,28.788069000740276
Victoria,Victoria_9_puntos_intento_7,14.0,30.348906804328266,2285.794771445246,-0.9430216966666668,12142.302990052669,99735.07769147173,0.9849636201128111,4.8,1.09601408846224,59.22681333333334,1.5696348891240777,0.026502099315896744,143.24999999999974,2.0,1140.767512573555,36.5291637207127
Victoria,Victoria_9_puntos_intento_7,15.0,27.381922136607756,2285.794771445246,-0.9439314833333333,8674.650025215438,95483.51608283984,0.9872577470922768,9.2,1.108872245196458,59.313375,1.2173591240365351,0.020524192461422657,103.92000000000081,2.8,1116.321218926811,32.30126403097513
Victoria,Victoria_9_puntos_intento_8,0.0,23.838955186899316,2189.544657117979,-0.81149909,8401.017823077415,105779.55964733788,0.985396366155399,4.8,1.1384597030061732,42.98256333333333,1.4728610183320836,0.034266477010920095,215.24999999999991,1.6,952.3260561029517,33.14629305022632
Victoria,Victoria_9_puntos_intento_8,1.0,21.906667572805773,2189.544657117979,-0.8320598338870431,7446.031488600227,105779.55964733788,0.9854936913409638,8.77076411960133,1.1433389778013507,43.24562624584717,1.4353743433880481,0.0331912026253958,215.24999999999991,1.2,990.2081083256667,40.28047491527367
Victoria,Victoria_9_puntos_intento_8,2.0,19.387271316185124,2602.2828977840873,-0.8540113733333332,7949.427534950954,111966.82913137137,0.9870300823889314,2.8,1.1323554635130353,44.977306666666664,1.2440712677692098,0.02765997699660414,72.78000000000048,1.2,943.0518385901356,43.592019870320115
Victoria,Victoria_9_puntos_intento_8,3.0,23.227249431055817,2602.2828977840873,-0.8553697533333335,7828.957499196781,111966.82913137137,0.9871132974803832,4.4,1.1123574704950696,46.58951333333333,1.4702889545331632,0.03155836687998236,103.5299999999998,2.4,833.7651175606895,32.49209649173546
Victoria,Victoria_9_puntos_intento_8,4.0,38.19422836066821,4752.060656695948,-0.8557376254180603,15259.704110214007,175673.06749358182,0.9894420549039511,4.816053511705686,1.0869949751496966,47.47753678929766,1.223312371874684,0.02576612972369792,103.5299999999998,3.2,1194.892843981008,38.90387711422127
Victoria,Victoria_9_puntos_intento_8,5.0,29.48141940596901,4752.060656695948,-0.8517235400000001,11917.100412353697,175673.06749358182,0.9905619313957763,0.8,1.0866947634079303,47.427454999999995,1.2420043453258662,0.02618745503687403,103.5299999999998,2.0,1216.404389221536,49.76798596477276
Victoria,Victoria_9_puntos_intento_8,6.0,30.86564223869704,4752.060656695948,-0.8574053433333334,15383.578909454423,175673.06749358182,0.9897733268841322,0.0,1.0790654195622458,48.206005,2.476600484025431,0.05137535217916173,212.40000000000038,2.0,1179.5289216311232,41.30294511881654
Victoria,Victoria_9_puntos_intento_8,7.0,18.645236623008568,2643.783627596041,-0.88064463,8312.506847485703,110278.03343516694,0.9882056748851934,0.0,1.0874620157941153,50.657016666666664,2.352275473108728,0.04643533369892611,212.40000000000038,1.6,921.7106157720144,16.797842624204446
Victoria,Victoria_9_puntos_intento_8,8.0,25.938292957090937,2643.783627596041,-0.90518435,13069.37947092082,110278.03343516694,0.9848459671212755,0.0,1.0786152305473606,52.655545000000004,1.046016367211814,0.019865265229176032,212.40000000000038,2.0,972.6283449348991,22.185381840409228
Victoria,Victoria_9_puntos_intento_8,9.0,21.216505467543957,2492.6919855283754,-0.9088878333333332,8409.428878759614,105486.75224001992,0.9877837065701132,0.4,1.1143501492187826,52.41095833333333,0.7311286656696542,0.013949919805314013,58.710000000000235,2.4,1020.0341499071967,20.16253089270861
Victoria,Victoria_9_puntos_intento_8,10.0,32.49096908878773,4838.631787004148,-0.9075838166666667,16638.068235912506,171688.20433431826,0.9894354897679751,0.4,1.074107501638197,52.76244666666667,1.053545150348205,0.019967708415875928,89.67000000000013,3.6,1170.21131759604,33.40713803484691
Victoria,Victoria_9_puntos_intento_8,11.0,21.006110963628142,4838.631787004148,-0.8987661566666666,11994.30280992122,171688.20433431826,0.991015196910428,0.0,1.0711890575781715,53.11703333333333,1.0391211625963332,0.019562861428562464,89.67000000000013,1.6,1237.818233102039,49.550401044901186
Victoria,Victoria_9_puntos_intento_8,12.0,21.702290604262846,4838.631787004148,-0.8985449366666668,14802.136543294204,171688.20433431826,0.9898651001520119,0.0,1.0570661839216753,54.07872999999999,1.599455128192098,0.029576418088814182,161.0099999999997,1.6,1242.4301695071504,62.67950191630491
Victoria,Victoria_9_puntos_intento_8,13.0,14.527178308793765,2330.4022102407293,-0.9179378892857143,7606.023180822882,94731.59823264815,0.9873357156155945,0.0,1.0875527866766803,55.756389285714285,1.8415813057260033,0.03302906320366493,186.00000000000009,1.6,1234.780185666056,27.794433965622872
Victoria,Victoria_9_puntos_intento_8,14.0,26.973962455472478,2330.4022102407293,-0.9437754607142855,12922.030409481991,108084.6306329187,0.9845284368809292,0.0,1.0894900787614472,57.61613750000001,1.3788201717102844,0.023931145535576456,186.00000000000009,2.4,1080.9353999435743,24.098079751389776
Victoria,Victoria_9_puntos_intento_8,15.0,28.600477720841226,2300.475368988589,-0.9490341214285715,8644.096477120811,108084.6306329187,0.9859452309543798,13.285714285714285,1.1220136069376838,57.8734125,1.0303879125744169,0.017804167199824562,186.00000000000009,2.0,997.1655114816214,29.02404050661799
Victoria,Victoria_9_puntos_intento_9,0.0,19.31750364229883,2184.5863459411626,-0.8300569866666668,7896.702062162909,103903.57452249699,0.985816469328786,0.0,1.1274553206076328,41.40042833333333,1.7825895248291335,0.043057272511209534,114.48000000000008,3.6,1269.542222128787,19.50286642534749
Victoria,Victoria_9_puntos_intento_9,1.0,20.54325937249902,2184.5863459411626,-0.8446811923076925,7361.529345077036,103903.57452249699,0.9853924294248854,0.0,1.1327096289787137,42.32181293706294,1.9972466640003694,0.04719189763847047,299.16000000000025,2.8,1237.9638326341037,19.710878994307407
Victoria,Victoria_9_puntos_intento_9,2.0,23.77001348771414,2493.2713143021556,-0.856656150877193,8148.203107227776,98602.83126244742,0.9877112776197353,0.0,1.1087848757634688,43.10748245614035,1.2178661125564114,0.028251849636441367,299.16000000000025,1.6,1064.0709721235016,15.630434418180286
Victoria,Victoria_9_puntos_intento_9,3.0,27.1126331701894,2493.2713143021556,-0.8539960299999999,7806.122882442501,98602.83126244742,0.9879275174564959,10.4,1.115049985056093,43.31009,1.1665816360489594,0.026935562499384308,109.76999999999975,1.2,970.5832802017316,24.26747959348081
Victoria,Victoria_9_puntos_intento_9,4.0,34.67075238537189,4779.313188643933,-0.8545985551839465,12444.066199491197,177981.98322007575,0.9906421743899685,9.23076923076923,1.0985742359240862,44.26958026755853,0.8364659374177342,0.01889482421930054,109.76999999999975,1.2,1092.9813939540345,34.45130453825958
Victoria,Victoria_9_puntos_intento_9,5.0,30.35987874140393,4779.313188643933,-0.8624489133333335,12878.64565682536,177981.98322007575,0.9906349200505381,1.2,1.0973059247439498,45.053015,0.6997188499259306,0.01553101052007131,98.48999999999961,1.6,1129.998526224514,24.10530696177035
Victoria,Victoria_9_puntos_intento_9,6.0,22.13772506601619,2524.748075560374,-0.8801608266666666,12523.520889542551,132350.8304890819,0.9906238451831793,0.0,1.1258422549488254,46.858868333333334,2.722092058845651,0.05809128892063479,200.39999999999978,2.0,1375.2918463807473,24.872062047499753
Victoria,Victoria_9_puntos_intento_9,7.0,16.567367978163162,2524.748075560374,-0.8984423499999998,8393.806780295174,115875.83972867116,0.9864904834926741,0.0,1.1071741617036663,49.77458166666667,2.7343077333816246,0.054933816454609236,200.39999999999978,2.0,1293.0947339665472,25.755481632317576
Victoria,Victoria_9_puntos_intento_9,8.0,16.959617591795322,2576.662758428166,-0.9138954866666665,9279.052393973967,112412.46231595243,0.985641939589714,0.0,1.1572298381423038,52.61743333333333,1.3034359531211686,0.02477194098130661,132.42000000000047,2.0,1199.8773679680937,14.246576353603892
Victoria,Victoria_9_puntos_intento_9,9.0,16.412406571862235,2576.662758428166,-0.9078104866666669,7945.472507734445,112412.46231595243,0.9873040912257565,0.0,1.111452544886007,52.82810833333334,1.2031273010079007,0.02277437786370167,77.25000000000009,1.6,1145.9053119364828,18.102820538751846
Victoria,Victoria_9_puntos_intento_9,10.0,30.09615859196594,4696.286938859231,-0.9042881052631581,15386.999140151349,171080.09078275005,0.9895152107800588,0.0,1.091675442208709,52.02138245614035,2.097576177913058,0.04032142320864967,258.96000000000015,1.6,1105.8605933375418,16.866986517021118
Victoria,Victoria_9_puntos_intento_9,11.0,25.382923210944004,4696.286938859231,-0.9064679859649122,11739.96678854276,171080.09078275005,0.9905906000533651,0.0,1.0926075825002595,51.11317192982457,1.350562454079766,0.026422982630270143,258.96000000000015,1.6,1121.5551321895998,19.02364605729203
Victoria,Victoria_9_puntos_intento_9,12.0,28.00935912705418,4696.286938859231,-0.917306,14450.118174442494,171080.09078275005,0.9898401111231651,0.0,1.0871226969987635,52.4573052631579,2.6503595257221866,0.0505241264763099,258.96000000000015,2.0,1139.6889067772881,26.046014716243345
Victoria,Victoria_9_puntos_intento_9,13.0,14.744761605331774,2219.4217864314855,-0.9350464333333331,7153.04739264046,98703.06255575172,0.9872900617323473,0.0,1.1108517238559188,54.98776166666668,2.315227321243112,0.042104411073829756,165.63000000000045,1.6,1150.5070549136672,25.784108164602458
Victoria,Victoria_9_puntos_intento_9,14.0,24.150818859047362,2404.0080869514923,-0.9531058666666666,10735.143887168973,110288.9970597183,0.9854037647693323,0.0,1.1253800262569338,57.47100166666666,1.2192252058160633,0.021214615553207198,165.63000000000045,1.6,1250.8859163216891,27.454473583467017
Victoria,Victoria_9_puntos_intento_9,15.0,19.767169581290677,2404.0080869514923,-0.94949149,8436.679960753525,110288.9970597183,0.9869854399668218,0.0,1.1057971146514998,57.15696666666667,1.3932427153546825,0.02437572874501765,80.6099999999995,1.6,1324.2074038872377,21.28457121058682
